>Gata4
A [    0  98   1  97  92  ]
C [    0   0   2   0   0 ]
G [   100   1   4   0   7]
T [    0   1  93   3   1]

>Sox17
A [92   0  99 100   8]
C [0  95   0   0   1]
G [1   1   0   0   1]
T [7   4   1   0  90]

>Klf1
A [0  76   0   0   0  ]
C [100   0 100 100  97  ]
G [0  18   0   0   0  ]
T [  0   6   0   0   3  ]

>Foxa2
A [   2  20   0   0   0]
C [   0   0   0   0   0]
G [   0  80   0   4  14]
T [  98   0 100  96  86]

>Gata6
A [    0  98   1  97  92  ]
C [    0   0   2   0   0 ]
G [   100   1   4   0   7]
T [    0   1  93   3   1]
